Webots Project File version R2022a
perspectives: 000000ff00000000fd000000030000000000000069000003ccfc0100000002fb0000001a0044006f00630075006d0065006e0074006100740069006f006e0000000000000000140000000000000000fb0000001e00480074006d006c0052006f0062006f007400570069006e0064006f007700000000000000006900000000000000000000000100000075000003ccfc0200000001fb0000001400540065007800740045006400690074006f00720000000016000003cc0000003f00ffffff0000000300000746000000d9fc0100000001fb0000001a0043006f006e0073006f006c00650041006c006c0041006c006c01000000000000074600000000000000000000074a000003cc00000001000000020000000100000008fc00000000
simulationViewPerspectives: 000000ff0000000100000002000001cd0000057b0100000002010000000100
sceneTreePerspectives: 000000ff0000000100000002000000c0000000fa0100000002010000000200
maximizedDockId: -1
centralWidgetVisible: 1
orthographicViewHeight: 1
textFiles: -1
renderingDevicePerspectives: robot:Camera;0;0.682692;0.00448096;0
